zn25=[0.8109	0.8109	0.8109	0.8109	0.8109	0.8121	0.8137	0.8138	0.8138	0.8178	0.8201	0.8201	0.8201	0.8243	0.8243	0.8324	0.8324	0.8324	0.8339	0.8339	0.8339	0.8382	0.8382	0.8417	0.8421	0.8421	0.8421	0.8477	0.8477	0.8483	0.8483	0.8483	0.8483	0.8483	0.8483	0.8514	0.8514	0.8528	0.8528	0.8528	0.8528	0.8528	0.8543	0.8543	0.8558	0.8574	0.8574	0.8574	0.8574	0.8575	0.8598	0.8598	0.8598	0.8618	0.8618	0.8618	0.8618	0.8618	0.8621	0.8621	0.8621	0.8621	0.8621	0.8621	0.8621	0.8661	0.8661	0.8661	0.8661	0.8661	0.8661	0.8661	0.8661	0.8661	0.8661	0.8687	0.8687	0.8687	0.8687	0.8687	0.8687	0.8687	0.8687	0.8687	0.8687	0.8687	0.8687	0.8687	0.8687	0.8703	0.8703	0.8703	0.8744	0.8744	0.8744	0.8744	0.8744	0.8744	0.8744	0.8744	0.8744	0.8744	0.8744	0.8744	0.8744	0.8744	0.8749	0.8749	0.8749	0.8749	0.8751	0.8751	0.8751	0.8751	0.8751	0.8756	0.8756	0.8756	0.8756	0.8756	0.8756	0.8756	0.8762	0.8762	0.8762	0.8766	0.8766	0.8766	0.8766	0.8766	0.8766	0.8782	0.8782	0.8782	0.88	0.88	0.88	0.88	0.88	0.88	0.88	0.88	0.88	0.8812	0.8812	0.8858	0.8858	0.8858	0.8858	0.8858	0.8858	0.8858	0.8858	0.8858	0.8858	0.8858	0.8858	0.8858	0.8858	0.8858	0.8858	0.8858	0.8858	0.8858	0.8858	0.8858	0.8858	0.8858	0.8858	0.8858	0.8858	0.8858	0.8861	0.8861	0.8861	0.8861	0.8861	0.8861	0.8861	0.8864	0.8864	0.8864	0.8864	0.8879	0.8879	0.8879	0.8879	0.8879	0.8879	0.8879	0.8879	0.8879	0.8879	0.8879	0.8879	0.8879	0.8879	0.8879	0.8879	0.8879];
zn3=[ 0.8109    0.8109    0.8153    0.8153    0.8153    0.8153    0.8153    0.8153    0.8153    0.8209 0.8209    0.8209    0.8209    0.8209    0.8266    0.8266    0.8266    0.8266    0.8266    0.8306 0.8306    0.8341    0.8441    0.8441    0.8441    0.8441    0.8441    0.8469    0.8469    0.8469 0.8469    0.8469    0.8469    0.8473    0.8473    0.8508    0.8523    0.8523    0.8523    0.8523 0.8523    0.8523    0.8523    0.8523    0.8523    0.8523    0.8523    0.8523    0.8534    0.8534 0.8548    0.8548    0.8548    0.8569    0.8569    0.8598    0.8598    0.8598    0.8598    0.8598 0.8598    0.8598    0.8598    0.8598    0.8598    0.8608    0.8608    0.8611    0.8615    0.8615  0.8631    0.8631    0.8631    0.8631    0.8641    0.8641    0.8641    0.8668    0.8668    0.8678 0.8678    0.8678    0.8687    0.8716    0.8716    0.8716    0.8753    0.8753    0.8753    0.8753 0.8753    0.8753    0.8753    0.8753    0.8753    0.8753    0.8753    0.8753    0.8753    0.8759 0.8759    0.8764    0.8764    0.8764    0.8764    0.8764    0.8764    0.8764    0.8764    0.8775  0.8793    0.8793    0.8793    0.8793    0.8793    0.8793    0.8793    0.8793    0.8793    0.8793 0.8793    0.8793    0.8793    0.8793    0.8793    0.8793    0.8810    0.8810    0.8810    0.8810 0.8810    0.8810    0.8810    0.8810    0.8810    0.8810    0.8810    0.8820    0.8820    0.8820  0.8833    0.8833    0.8833    0.8833    0.8833    0.8833    0.8833    0.8833    0.8833    0.8833 0.8833    0.8833    0.8833    0.8833    0.8833    0.8833    0.8833    0.8833    0.8833    0.8833 0.8833    0.8833    0.8833    0.8833    0.8833    0.8833    0.8833    0.8833    0.8833    0.8903 0.8903    0.8903    0.8903    0.8903    0.8903    0.8903    0.8903    0.8903    0.8903    0.8903 0.8903    0.8903    0.8903    0.8903    0.8903    0.8903    0.8903    0.8903    0.8903    0.8903 0.8903    0.8903    0.8903    0.8903    0.8903    0.8903    0.8903    0.8903    0.8903    0.8903];
